,Einreichedatum,VorlageNR
0,17. SEPTEMBER 2007,1584
1,18. SEPTEMBER 2007,1589
2,6. DEZEMBER 2007,1616
3,31. JANUAR 2008,1635
4,21. FEBRUAR 2008,1644
5,3. MÄRZ 2008,1651
6,10. MÄRZ 2008,1652
7,23. April 2008,1663
8,14. Mai 2008,1674
9,28. Mai 2008,1682
10,12. Juni 2008,1690
11,13. Juni 2008,1691
12,13. Juni 2008,1692
13,8. Juli 2008,1705
14,8. Juli 2008,1706
15,3. Juli 2008,1703
16,8. Juli 2008,1707
17,17.07.2008,1710
18,21. Juli 2008,1711
19,28. Juli 2008,1712
20,14. August 2008,1713
21,28. August 2008,1721
22,10. September 2008,1722
23,12. September 2008,1723
24,19. September 2008,1724
25,19. September 2008,1725
26,23. September 2008,1726
27,24. September 2008,1727
28,25. September 2008,1729
29,29. September 2008,1730
30,29. September 2008,1731
31,13. Oktober 2008,1734
32,17. Oktober 2008,1735
33,17. Oktober 2008,1736
34,20. Oktober 2008,1737
35,21. Oktober 2008,1738
36,27. Oktober 2008,1740
37,27. Oktober 2008,1741
38,30. Oktober 2008,1742
39,30. Oktober 2008,1743
40,4. November 2008,1744
41,5. November 2008,1748
42,11. November 2008,1750
43,12. November 2008,1751
44,14. November 2008,1752
45,18. November 2008,1753
46,20. November 2008,1755
47,20. November 2008,1756
48,20. November 2008,1757
49,20. November 2008,1758
50,24. November 2008,1759
51,26. November 2008,1760
52,27. November 2008,1761
53,27. November 2008,1762
54,27. November 2008,1763
55,27. November 2008,1764
56,9. Dezember 2008,1765
57,09. Dezember 2008,1766
58,10. Dezember 2008,1767
59,15. Dezember 2008,1768
60,23. Dezember 2008,1770
61,30. Dezember 2008,1771
62,15. Januar 2009,1772
63,26. Januar 2009,1776
64,29. Januar 2009,1777
65,29. Januar 2009,1778
66,6. Februar 2009,1779
67,9. Februar 2009,1780
68,9. Februar 2009,1781
69,9. Februar 2009,1782
70,11. Februar 2009,1783
71,12. Februar 2009,1784
72,16. Februar 2009,1785
73,24. Februar 2009,1786
74,18. März 2009,1791
75,23. März 2009,1792
76,23. März 2009,1793
77,24. März 2009,1794
78,26. März 2009,1798
79,26. März 2009,1799
80,26. März 2009,1800
81,27. März 2009,1801
82,30. März 2009,1802
83,30. März 2009,1803
84,31. März 2009,1806
85,6. April 2009,1807
86,7. April 2009,1810
87,9. April 2009,1811
88,9. April 2009,1812
89,16. April 2009,1813
90,22. April 2009,1814
91,28. April 2009,1815
92,,
93,30. April 2009,1818
94,6. Mai 2009,1819
95,8. Mai 2009,1817
96,15. Mai 2009,
97,15. Mai 2009,
98,19. Mai 2009,
99,22. Mai 2009,
100,27. Mai 2009,
101,28. Mai 2009,
102,28. Mai 2009,
103,2. Juni 2009,
104,5. Juni 2009,
105,9. Juni 2009,
106,9. Juni 2009,
107,16. Juni 2009,
108,16. Juni 2009,1843
109,19. Juni 2009,
110,2. Juli 2009,
111,1. Juli 2009,
112,6. Juli 2009,
113,25. August 2009,
114,27. August 2009,
115,28. August 2009,
116,22. September 2009,
117,28. September 2009,
118,28. September 2009,
119,13. Oktober 2009,
120,16. Oktober 2009,1866
121,20. Oktober 2009,1867
122,27. Oktober 2009,1873
123,2. November 2009,
124,4. November 2009,
125,10. November 2009,1878
126,27. November 2009,
127,30. November 2009,
128,14. Dezember 2009,
129,14. Dezember 2009,
130,18. Dezember 2009,
131,7. Dezember 2009,
132,11. Januar 2010,
133,13. Januar 2010,
134,25. Januar 2010,
135,28. Januar 2010,
136,2. Februar 2010,1903
137,2. Februar 2010,
138,5. Februar 2010,
139,11. Februar 2010,
140,12. Februar 2010,1913
141,23. Februar 2010,
142,15. März 2010,
143,16. März 2010,
144,19. März 2010,
145,31. März 2010,
146,26. April 2010,
147,28. April 2010,
148,30. April 2010,
149,6. Mai 2010,
150,10. Mai 2010,
151,20. Mai 2010,
152,21. Mai 2010,
153,31. Mai 2010,1947
154,7. Juni 2010,
155,18. Juni 2010,
156,21. Juni 2010,
157,7. Juli 2010,
158,7. Juli 2010,
159,2. August 2010,
160,17. August 2010,1963
161,17. August 2010,
162,31. August 2010,
163,7. September 2010,1966
164,9. September 2010,
165,9. September 2010,
166,13. September 2010,
167,14. September 2010,
168,17. September 2010,
169,20. September 2010,
170,21. Oktober 2010,
171,15. November 2010,
172,16. November 2010,
173,22. November 2010,
174,23. November 2010,
175,24. November 2010,
176,25. November 2010,
177,25. November 2010,1997
178,14. Dezember 2010,1791
179,20. Januar 2011,
180,26. Januar 2011,
181,26. Januar 2011,
182,26. Januar 2011,
183,27. Januar 2011,
184,27. Januar 2011,
185,1. Februar 2011,
186,2. Februar 2011,
187,21. Februar 2011,
188,1. März 2011,
189,1. März 2011,
190,3. März 2011,
191,17. März 2011,
192,21. März 2011,2029
193,21. März 2011,2030
194,5. April 2011,
195,1. April 2011,
196,01.04.2011,
197,15. April 2011,
198,18. April 2011,
199,19. April 2011,
200,20. April 2011,
201,21. April 2011,
202,16. Mai 2011,2049
203,24. Mai 2011,
204,24. Mai 2011,
205,25. Mai 2011,
206,27. Mai 2011,2054
207,31. Mai 2011,
208,10. Juni 2011,
209,14. Juni 2011,
210,16. Juni 2011,
211,12. August 2011,
212,6. September 2011,2075
213,5. September 2011,2076
214,22. September 2011,2079
215,10. Oktober 2011,
216,29. September 2011,2084
217,13. Oktober 2011,
218,13. Oktober 2011,
219,29. September 2011,1984
220,2. November 2011,
221,10. November 2011,2094
222,21. November 2011,
223,6. Dezember 2011,
224,23. Dezember 2011,
225,30. Januar 2012,2111
226,2. März 2012,
227,5. März 2012,
228,21. März 2012,
229,10. April 2012,
230,30. März 2012,2133
231,10. April 2012,2134
232,10. April 2012,2135
233,16. April 2012,
234,17. April 2012,
235,19. April 2012,2139
236,24. April 2012,
237,2. Mai 2012,
238,2. Mai 2012,
239,14. Mai 2012,
240,15. Mai 2012,2148
241,15. Mai 2012,
242,16. Mai 2012,
243,1. Juni 2012,
244,11. Juni 2012,2159
245,12. Juni 2012,2161
246,15. Juni 2012,2162
247,22. Juni 2012,
248,3. Juli 2012,
249,10. Juli 2012,2146
250,,
251,,
252,,
253,3. September 2012,
254,13. September 2012,
255,18. April 1999,
256,27. September 2012,
257,28. September 2012,
258,25. Oktober 2012,
259,16. November 2012,
260,16. November 2012,
261,22. November 2012,
262,26. November 2012,
263,28. November 2012,
264,29. November 2012,
265,,
266,,
267,,
268,10. Dezember 2012,
269,13. Dezember 2012,
270,19. Dezember 2012,
271,,
272,29. Januar 2013,
273,2. Februar 2013,
274,14. Februar 2013,
275,17. April 2012,
276,4. März 2013,
277,21. März 2013,
278,2. April 2013,
279,4. April 2013,
280,12. April 2013,
281,11. März 2013,
282,19. April 2013,2146
283,19. April 2013,
284,,
285,22. Juni 2010,
286,27. April 2013,
287,28. April 2013,
288,14. Mai 2013,
289,,
290,18. Mai 2013,
291,21. Mai 2013,
292,30. Mai 2013,
293,4. Juni 2013,
294,1. Februar 2013,
295,12. Juni 2013,
296,13. Juni 2013,
297,16. Juni 2013,
298,,
299,,
300,,
301,9. Juli 2013,
302,16. Juli 2013,
303,,
304,6. August 2013,
305,16. August 2013,
306,30. August 2013,
307,12. September 2013,
308,24. September 2013,
309,20. November 2007,
310,13.12.2011,
311,26. September 2013,
312,,
313,4. Oktober 2013,
314,18. Oktober 2013,
315,13. Oktober 2013,
316,21. Oktober 2013,
317,1. Juni 2012,
318,,
319,5. November 2013,
320,7. November 2013,
321,8. November 2013,
322,9. November 2013,
323,11. November 2013,
324,15. November 2013,
325,17. November 2013,
326,17. November 2013,
327,,
328,,
329,12. Dezember 2013,
330,18. Dezember 2013,
331,18. Dezember 2013,
332,27.10.2011,
333,22. Dezember 2013,
334,8. August 2000,
335,7. Januar 2014,
336,13. Januar 2014,
337,14. Januar 2014,
338,15. Januar 2014,
339,17. Januar 2014,
340,20. Januar 2014,
341,,
342,2. Februar 2014,
343,3. Februar 2014,
344,5. Februar 2014,
345,5. Februar 2014,
346,6. Februar 2014,
347,7. Februar 2014,
348,7. Februar 2014,
349,7. Januar 2014,
350,,
351,,
352,7. März 2014,
353,,
354,10. April 2014,
355,14. April 2014,
356,3. Mai 2012,
357,,
358,19. Mai 2014,
359,19. Juni 2014,
360,19. Juni 2014,
361,,
362,6. Juli 2014,
363,,
364,,
365,8. Juli 2014,
366,6. August 2014,
367,12. August 2014,
368,26. August 2014,
369,,
370,2. September 2014,
371,,2429
372,25. September 2014,2435
373,22. Mai 2014,
374,,
375,30. Oktober 2014,
376,,
377,30. November 2014,
378,,
379,30. November 2014,
380,,
381,,
382,,
383,,
384,30. November 2014,
385,19. April 2013,
386,,
387,19. Februar 2014,
388,10. April 2014,
389,11. April 2014,
390,,
391,,
392,,
393,5. Juni 2014,
394,,
395,,
396,12. September 2014,
397,,
398,11. September 2014,
399,2. Oktober 2014,2437
400,20. Oktober 2014,
401,27. Januar 2011,2441
402,28. Juli 2014,2442
403,30. Oktober 2014,
404,13. November 2014,2449
405,1. Dezember 2014,
406,9. Dezember 2014,
407,,
408,,
409,23. Januar 2015,
410,,
411,23. Januar 2015,
412,,
413,,
414,15. Februar 2015,
415,29. Januar 2015,
416,5. März 2015,
417,8. April 2013,
418,15. März 2015,
419,24. März 2015,
420,18. März 2015,
421,,
422,31. März 2015,
423,2. April 2015,
424,14. April 2014,
425,,
426,,
427,,
428,7. Juni 2015,
429,5. Juni 2012,
430,9. Juni 2015,
431,10. Juni 2015,
432,,
433,1. Juli 2015,
434,,
435,,
436,,
437,,
438,20. Juli 2015,
439,20. Juli 2015,
440,10. August 2015,
441,11. August 2015,
442,,
443,27. August 2015,
444,,
445,,
446,,
447,,
448,7. September 2015,
449,22. September 2015,
450,,
451,5. Oktober 2015,
452,3. November 2015,
453,13. Oktober 2015,
454,,
455,29. Oktober 2015,
456,,
457,,
458,,
459,3. November 2015,
460,,
461,14. Juni 2015,
462,10. Dezember 2015,
463,23. Dezember 2015,
464,,
465,12. Januar 2016,
466,18. Januar 2016,
467,,
468,9. Februar 2016,
469,9. Februar 2016,
470,8. März 2016,
471,16. Februar 2016,
472,25. Februar 2016,
473,28. Februar 2016,
474,7. März 2016,
475,,
476,15. März 2016,
477,,
478,28. März 2016,
479,12. April 2016,
480,14. April 2016,
481,12. Dezember 2015,
482,21. April 2016,
483,26. April 2016,
484,29. April 2016,
485,12. Mai 2016,
486,,
487,,
488,,
489,17. Mai 2016,
490,23. Mai 2016,
491,,
492,,
493,31. Mai 2016,
494,1. Juni 2016,
495,,
496,14. Juni 2016,
497,,
498,15. Juli 2016,
499,,
500,2. August 2016,
501,3. August 2016,
502,9. August 2016,
503,,
504,13. August 2016,
505,23. August 2016,
506,,
507,25. August 2016,
508,,
509,12. September 2016,
510,20. September 2016,
511,,
512,21. September 2016,
513,21. September 2016,
514,,
515,24. November 2015,
516,1. Februar 1990,2639
517,4. Oktober 2016,2328
518,27. November 2016,
519,26. Oktober 2016,
520,27. Oktober 2016,
521,27. Oktober 2016,
522,2. November 2016,
523,8. November 2016,
524,4. Oktober 2016,
525,,
526,5. Dezember 2016,
527,5. Dezember 2016,
528,26. August 2010,
529,20. Februar 2014,
530,,
531,6. Dezember 2016,
532,19. Dezember 2016,
533,19. Dezember 2016,
534,19. Dezember 2016,
535,,
536,20. Dezember 2016,
537,20. Dezember 2016,
538,29. Dezember 2016,
539,29. Dezember 2016,
540,29. Dezember 2016,
541,24. Januar 2017,
542,,
543,16. Dezember 2016,
544,14. Februar 2017,
545,6. März 2017,
546,7. März 2017,
547,7. März 2017,
548,28. August 2014,
549,25. Februar 2016,
550,14. März 2017,
551,16. März 2017,
552,,
553,12. Januar 2017,
554,14. Dezember 2016,
555,30. März 2017,
556,3. April 2017,
557,3. April 2017,
558,16. April 2017,2631
559,30. September 2016,
560,3. Mai 2017,
561,4. Mai 2017,
562,2. April 1985,
563,15. Mai 2017,
564,17. März 2016,
565,,
566,,
567,26. April 2017,
568,,
569,8. Juni 2017,
570,8. Juni 2017,
571,8. Juni 2017,
572,,
573,11. Juni 2017,
574,19. Juni 2017,
575,,
576,21. Januar 2003,
577,,
578,,
579,2. August 2017,
580,7. August 2017,
581,14. August 2017,
582,3. September 2017,
583,6. September 2017,
584,12. September 2017,
585,12. September 2017,
586,,
587,,
588,4. Oktober 2017,
589,6. Oktober 2017,
590,10. Oktober 2017,
591,27. Oktober 2017,
592,28. Oktober 2017,
593,,
594,6. November 2017,
595,30. Mai 2017,
596,20. November 2017,
597,,
598,,
599,30. November 2017,
600,2. Dezember 2017,
601,8. Juni 1923,
602,13. Dezember 2017,
603,19. Dezember 2017,
604,,
605,,
606,6. April 2006,
607,,
608,25. Januar 2018,
609,20. Februar 2018,
610,29. Januar 2018,
611,30. Januar 2018,
612,2. Februar 2018,
613,2. Februar 2018,
614,6. Februar 2018,
615,,
616,12. Februar 2018,
617,,
618,14. Februar 2018,
619,,
620,21. Februar 2018,
621,22. Februar 2018,
622,22. Februar 2018,
623,22. Februar 2018,
624,,
625,,
626,,
627,8. März 2018,
628,8. März 2018,
629,13. März 2018,
630,23. März 2018,
631,,
632,,
633,4. April 2018,
634,28. März 2018,
635,12. April 2018,
636,13. April 2018,
637,,
638,4. April 2018,1641
639,,
640,,
641,2. Mai 2018,
642,3. Mai 2018,
643,21. September 2012,2163
644,26. Juni 2018,
645,7. Juni 2018,
646,19. Juni 2018,
647,,
648,3. August 2018,
649,,
650,10. August 2018,
651,,
652,25. September 2018,
653,,
654,,
655,,
656,3. Februar 2016,
657,3. Oktober 1985,
658,,
659,,
660,,
661,24. August 2016,2858
662,,
663,,
664,,
665,,
666,,
667,13. Dezember 2018,
668,,
669,14. Juni 1991,
670,,
671,,
672,,
673,,
674,,
675,7. Dezember 2018,
676,,
677,19. Februar 2019,
678,,
679,,
680,,
681,,
682,,
683,,
684,15. März 2019,
685,,
686,5. September 1979,
687,,
688,,
689,,
690,,
691,,
692,,
693,,
694,,
695,,
696,,2919
697,12. April 2019,
698,28. März 2019,
699,,
700,,
701,,
702,29. April 2019,
703,,
704,,
705,16. Januar 1995,
706,,
707,8. Februar 2019,2932
708,,
709,,
710,,
711,10. Juli 2019,
712,27. September 1990,
713,16. April 2019,
714,,
715,,
716,16. August 2019,
717,,
718,,
719,29. August 2019,
720,,
721,,
722,,
723,,
724,,
725,,
726,,
727,,
728,12. SEPTEMBER 2005,1373
729,7. SEPTEMBER 2005,1372
730,5. SEPTEMBER 2005,1369
731,5. SEPTEMBER 2005,1368
732,3. OKTOBER 2005,1378
733,26. SEPTEMBER 2005,1375
734,31. OKTOBER 2005,
735,31. OKTOBER 2005,1381
736,14. NOVEMBER 2005,1383
737,24. NOVEMBER 2005,1386
738,22. NOVEMBER 2005,1385
739,18. NOVEMBER 2005,1384
740,7. DEZEMBER 2005,1389
741,9. DEZEMBER 2005,1391
742,5. DEZEMBER 2005,1388
743,12. JANUAR 2006,1398
744,26. JANUAR 2006,1403
745,23. JANUAR 2006,1401
746,2. FEBRUAR 2006,1407
747,9. FEBRUAR 2006,1410
748,22. OKTOBER 2002,
749,23. APRIL 2002,1008
750,13. FEBRUAR 2006,1411
751,27. FEBRUAR 2006,1414
752,6. MÄRZ 2006,1416
753,15. MÄRZ 2006,1422
754,20. MÄRZ 2006,1423
755,20. MÄRZ 2006,1424
756,9. MÄRZ 2006,1420
757,8. MÄRZ 2006,1419
758,4. APRIL 2006,1022
759,4. APRIL 2006,1022
760,3. APRIL 2006,1427
761,29. NOVEMBER 2001,974
762,23. NOVEMBER 2001,972
763,12. APRIL 2006,1429
764,19. APRIL 2006,1432
765,18. MAI 2006,1443
766,22. MAI 2006,1444
767,1. JUNI 2006,1449
768,27. OKTOBER 1998,1016
769,12. MAI 2006,1447
770,28. MÄRZ 2006,1451
771,6. JUNI 2006,1452
772,26. NOVEMBER 2002,1020
773,13. JUNI 2006,1454
774,26. JUNI 2006,1457
775,26. JUNI 2006,1458
776,11. JULI 2006,1463
777,29. JUNI 2006,1459
778,6. Mai 2003,1025
779,6. JULI 2006,1462
780,18. JULI 2006,1467
781,30. SEPTEMBER 2002,1033
782,30. JUNI 2002,1034
783,17. AUGUST 2006,1469
784,16. AUGUST 2006,1468
785,18. AUGUST 2006,1470
786,13. AUGUST 2002,1035
787,22. AUGUST 2006,801
788,31. AUGUST 2006,1475
789,21. AUGUST 2006,1472
790,31. AUGUST 2006,1473
791,31. AUGUST 2006,1474
792,11. SEPTEMBER 2006,1477
793,19. SEPTEMBER 2006,1480
794,28. SEPTEMBER 2006,1482
795,2. NOVEMBER 2006,1491
796,30. OKTOBER 2006,1488
797,31. OKTOBER 2006,1489
798,2. NOVEMBER 2006,1490
799,23. MAI 2006,1441
800,7. AUGUST 2002,1041
801,11. DEZEMBER 2006,1498
802,7. AUGUST 2002,1042
803,4. DEZEMBER 2006,1497
804,19. DEZEMBER 2006,1500
805,15. DEZEMBER 2006,1499
806,12. JANUAR 2007,1501
807,7. AUGUST 2002,1043
808,15. JANUAR 2007,1502
809,17. JANUAR 2007,1504
810,17. JANUAR 2007,1503
811,11. FEBRUAR 2007,1511
812,7. FEBRUAR 2007,1510
813,6. FEBRUAR 2007,1509
814,29. JANUAR 2007,1508
815,21. AUGUST 2002,1044
816,21. FEBRUAR 2007,1513
817,22. FEBRUAR 2007,1514
818,23. FEBRUAR 2007,1515
819,7. MÄRZ 2007,1517
820,9. MÄRZ 2007,1518
821,14. MÄRZ 2007,1520
822,14. MÄRZ 2007,1521
823,10. APRIL 2007,1525
824,10. APRIL 2007,81
825,20. APRIL 2007,1526
826,3. MAI 2007,1531
827,7. MAI 2007,1533
828,7. Mai 2007,1534
829,7. MAI 2007,1535
830,4. MAI 2007,1532
831,11. MAI 2007,1536
832,21. MAI 2007,1542
833,11. MAI 2007,1537
834,13. MAI 2007,1538
835,16. MAI 2007,1539
836,18. MAI 2007,1541
837,31. MAI 2007,1545
838,1. JUNI 2007,1546
839,16. SEPTEMBER 2002,1047
840,11. JUNI 2007,1551
841,4. JUNI 2007,1549
842,20. SEPTEMBER 2002,1049
843,4. JULI 2007,1558
844,2. JULI 2007,1557
845,29. JUNI 2007,1556
846,26. JUNI 2007,1555
847,23. SEPTEMBER 2002,1050
848,19. JULI 2007,1564
849,13. AUGUST 2007,1566
850,17. AUGUST 2007,1570
851,16. AUGUST 2007,1569
852,28. AUGUST 2007,1572
853,24. AUGUST 2007,1571
854,30. AUGUST 2007,1574
855,30. AUGUST 2007,1575
856,17. SEPTEMBER 2007,1586
857,17. SEPTEMBER 2007,1585
858,17. SEPTEMBER 2007,1588
859,17. SEPTEMBER 2007,1587
860,11. SEPTEMBER 2007,1577
861,12. SEPTEMBER 2007,1578
862,13. SEPTEMBER 2007,1579
863,7. SEPTEMBER 2007,1580
864,14. SEPTEMBER 2007,1581
865,14. SEPTEMBER 2007,1582
866,14. SEPTEMBER 2007,1583
867,28. SEPTEMBER 2007,1595
868,1. OKTOBER 2007,1596
869,15. OKTOBER 2007,1600
870,5. NOVEMBER 2007,1604
871,5. NOVEMBER 2007,1605
872,10. NOVEMBER 2007,1608
873,13. NOVEMBER 2007,1609
874,19. NOVEMBER 2007,1610
875,28. NOVEMBER 2007,1615
876,21. NOVEMBER 2007,1613
877,24. SEPTEMBER 2002,1053
878,13. DEZEMBER 2007,1621
879,26. SEPTEMBER 2002,1054
880,6. DEZEMBER 2007,1617
881,7. DEZEMBER 2007,1618
882,10. DEZEMBER 2007,1619
883,18. DEZEMBER 2007,1623
884,14. JANUAR 2008,1627
885,30. JANUAR 2008,1632
886,31. JANUAR 2008,1633
887,5. FEBRUAR 2008,1636
888,22. Januar 2008,1628
889,6. FEBRUAR 2008,1637
890,19. FEBRUAR 2008,1641
891,14. OKTOBER 2002,1056
892,19. Februar 2008,1638
893,17. OKTOBER 2002,1057
894,28. FEBRUAR 2008,1648
895,28. FEBRUAR 2008,1650
896,14. MÄRZ 2008,1655
897,14. MÄRZ 2008,1656
898,20. MÄRZ 2008,1657
899,8. April 2008,1660
900,15. April 2008,1661
901,17. April 2008,1662
902,3. DEZEMBER 2002,836
903,23. April 2008,1664
904,3. DEZEMBER 2002,836
905,28. April 2008,1665
906,7. Mai 2008,1670
907,8. Mai 2008,1671
908,14. Mai 2008,1675
909,2. Juni 2008,1684
910,26. Mai 2008,1679
911,16. Juni 2008,1694
912,16. Juni 2008,1695
913,16. Juni 2008,1696
914,8. NOVEMBER 2002,1064
915,12. NOVEMBER 2002,1066
916,19. NOVEMBER 2002,1070
917,10. SEPTEMBER 2002,1042
918,25. NOVEMBER 2002,1072
919,27. NOVEMBER 2002,1073
920,25. JUNI 2004,1245
921,25. JUNI 2004,1244
922,22. JUNI 2004,1242
923,27. NOVEMBER 2002,1075
924,9. DEZEMBER 2002,1077
925,6. JULI 2004,1253
926,19. DEZEMBER 2002,1079
927,17. DEZEMBER 2002,1080
928,13. JANUAR 2003,1082
929,1. JUNI 2004,1238
930,22. JANUAR 2003,1086
931,17. FEBRUAR 2003,1087
932,16. AUGUST 2004,1256
933,30. JANUAR 2003,1088
934,30. JANUAR 2003,1089
935,4. FEBRUAR 2003,1092
936,18. FEBRUAR 2003,1094
937,5. MÄRZ 2003,1100
938,,1101
939,11. MÄRZ 2003,1102
940,18. MÄRZ 2003,1103
941,20. MÄRZ 2003,1105
942,20. MÄRZ 2003,1106
943,27. März 2003,1109
944,14. APRIL 2003,1110
945,1. MAI 2003,1115
946,28. APRIL 2003,1116
947,8. MAI 2003,1118
948,9. MAI 2003,1120
949,15. MAI 2003,1122
950,27. MAI 2003,1125
951,28. MAI 2003,1126
952,28. MAI 2003,1127
953,13. JUNI 2003,1132
954,18. JUNI 2003,1133
955,20. JUNI 2003,1134
956,23. JUNI 2003,1135
957,25. JUNI 2003,1137
958,25. JUNI 2003,1138
959,30. JUNI 2003,1139
960,7. SEPTEMBER 2004,1259
961,3. JULI 2003,1143
962,8. JULI 2003,1145
963,11. JULI 2003,1146
964,7. SEPTEMBER 2004,1260
965,24. JULI 2003,1147
966,28. JULI 2003,1148
967,13. AUGUST 2003,1151
968,18. AUGUST 2003,1152
969,18. AUGUST 2003,1153
970,18. AUGUST 2003,
971,29. AUGUST 2003,1158
972,1. SEPTEMBER 2003,1159
973,27. MAI 2003,304
974,8. SEPTEMBER 2003,1164
975,8. SEPTEMBER 2003,1165
976,8. SEPTEMBER 2003,1166
977,17. SEPTEMBER 2003,1169
978,22. SEPTEMBER 2003,1170
979,26. SEPTEMBER 2003,1173
980,30. SEPTEMBER 2003,1174
981,6. JUNI 2002,666
982,1. OKTOBER 2003,1176
983,2. OKTOBER 2003,1177
984,2. OKTOBER 2003,1178
985,3. OKTOBER 2003,1179
986,3. OKTOBER 2003,1180
987,16. OKTOBER 2003,1181
988,22. OKTOBER 2003,1185
989,31. OKTOBER 2003,1186
990,30. OKTOBER 2003,1187
991,3. NOVEMBER 2003,1188
992,3. NOVEMBER 2003,1189
993,5. NOVEMBER 2003,1192
994,25. NOVEMBER 2003,1193
995,28. NOVEMBER 2003,1198
996,9. DEZEMBER 2003,1199
997,29. JANUAR 1998,1201
998,16. JANUAR 2004,1204
999,13. AUGUST 2002,810
1000,11. FEBRUAR 2004,1210
1001,16. FEBRUAR 2004,1211
1002,26. FEBRUAR 2004,1217
1003,2. MÄRZ 2004,1219
1004,27. AUGUST 2002,871
1005,4. MÄRZ 2004,1220
1006,8. MÄRZ 2004,1222
1007,16. DEZEMBER 1982,1223
1008,11. MÄRZ 2004,1224
1009,16. MÄRZ 2004,1225
1010,31. MÄRZ 2004,1226
1011,8. APRIL 2004,1228
1012,19. APRIL 2004,1229
1013,28. SEPTEMBER 2004,1265
1014,30. SEPTEMBER 2004,1268
1015,30. SEPTEMBER 2004,1269
1016,14. OKTOBER 2004,1271
1017,26. SEPTEMBER 2004,1263
1018,27. SEPTEMBER 2004,1264
1019,1. OKTOBER 2004,1270
1020,3. DEZEMBER 2002,946
1021,18. OKTOBER 2004,1272
1022,10.12.2002,
1023,27. MAI 2004,1237
1024,25. OKTOBER 2004,1276
1025,2. NOVEMBER 2004,1278
1026,3. DEZEMBER 2002,939
1027,4. NOVEMBER 2004,1281
1028,12. NOVEMBER 2004,1282
1029,12. NOVEMBER 2004,1283
1030,18. NOVEMBER 2004,1284
1031,23. NOVEMBER 2004,1285
1032,23. NOVEMBER 2004,1287
1033,26. NOVEMBER 2004,1288
1034,26. NOVEMBER 2004,1289
1035,30. NOVEMBER 2004,1290
1036,10. JUNI 2003,958
1037,15. APRIL 2003,959
1038,7. JANUAR 2005,1298
1039,26. DEZEMBER 2004,1295
1040,30. DEZEMBER 2004,1294
1041,19. NOVEMBER 2002,961
1042,19. JANUAR 2005,1301
1043,27. JANUAR 2005,1306
1044,24. JANUAR 2005,1303
1045,2. FEBRUAR 2005,1308
1046,7. FEBRUAR 2005,1309
1047,10. FEBRUAR 2005,1310
1048,27. JANUAR 2005,1305
1049,26. NOVEMBER 2002,977
1050,23. FEBRUAR 2005,1311
1051,17. FEBRUAR 2005,1313
1052,28. FEBRUAR 2005,1314
1053,1. MÄRZ 2005,1315
1054,8. MÄRZ 2005,1317
1055,8. MÄRZ 2005,1318
1056,8. APRIL 2005,1325
1057,22. MÄRZ 2005,823
1058,22. OKTOBER 2002,981
1059,18. MÄRZ 2005,1320
1060,30. MÄRZ 2005,1323
1061,5. APRIL 2005,1324
1062,14. APRIL 2005,1328
1063,12. APRIL 2005,1327
1064,11. APRIL 2005,1326
1065,26. APRIL 2005,1330
1066,29. APRIL 2005,1331
1067,26. APRIL 2005,822
1068,26. APRIL 2005,822
1069,11. MAI 2005,1337
1070,19. MAI 2005,1340
1071,11. MAI 2005,1338
1072,31. MAI 2005,1345
1073,2. JUNI 2005,1347
1074,2. JUNI 2005,1348
1075,20. MAI 2003,987
1076,26. AUGUST 2003,988
1077,7. JUNI 2005,1352
1078,15. JUNI 2005,1354
1079,6. JUNI 2005,1351
1080,,995
1081,12. JULI 2005,1361
1082,16. MÄRZ 2004,991
1083,30. JUNI 2005,1356
1084,30. JUNI 2005,1357
1085,30. JUNI 2005,1358
1086,5. JULI 2005,1355
1087,11. JULI 2005,1359
1088,4. AUGUST 2005,1362
1089,12. AUGUST 2005,1363
1090,23. JUNI 2005,1364
1091,26. AUGUST 2005,1365
1092,16. SEPTEMBER 2005,1374
